default:
  max_single_weight: 0.7081479913282915
  max_hhi: 0.5437667594768139
  max_portfolio_volatility: 0.018645566026039177
  max_weighted_spread_bps: 237.97818319519436
  min_weighted_adv: 10364.43652985678
  volatility_warn: 0.01719524209807977
  volatility_restrict: 0.018645566026039177
  spread_warn: 219.14028475963835
  spread_restrict: 237.97818319519436
  adv_warn: 19041.975829191204
  adv_restrict: 10364.43652985678
  hhi_warn: 0.4713914313655301
  hhi_restrict: 0.5437667594768139
  top_weight_warn: 0.6299895679050997
  top_weight_restrict: 0.7081479913282915
  effective_n_warn: 2.121379250447856
  effective_n_restrict: 1.8390238552968663
  blocklist:
  - CCC
conservative:
  max_single_weight: 0.6637115309345274
  max_hhi: 0.5007953792939133
  max_portfolio_volatility: 0.017906047293690514
  max_weighted_spread_bps: 227.02462680589443
  min_weighted_adv: 19041.975829191204
  volatility_warn: 0.01659345509807318
  volatility_restrict: 0.017906047293690514
  spread_warn: 211.51259167977315
  spread_restrict: 227.02462680589443
  adv_warn: 30772.91662050837
  adv_restrict: 19041.975829191204
  hhi_warn: 0.4499404121933831
  hhi_restrict: 0.5007953792939133
  top_weight_warn: 0.6006801282411403
  top_weight_restrict: 0.6637115309345274
  effective_n_warn: 2.3156665884485923
  effective_n_restrict: 2.121379250447856
  blocklist:
  - CCC
