default:
  max_single_weight: 0.6203364790724333
  max_hhi: 0.4479873441218234
  max_portfolio_volatility: 0.01820951387971915
  max_weighted_spread_bps: 232.5170035537883
  min_weighted_adv: 13993.357740820018
  volatility_warn: 0.01694514466833947
  volatility_restrict: 0.01820951387971915
  spread_warn: 215.61846378569038
  spread_restrict: 232.5170035537883
  adv_warn: 25052.600749244993
  adv_restrict: 13993.357740820018
  hhi_warn: 0.38990259541954814
  hhi_restrict: 0.4479873441218234
  top_weight_warn: 0.5511111981638959
  top_weight_restrict: 0.6203364790724333
  effective_n_warn: 2.564743127705987
  effective_n_restrict: 2.232205922661017
  blocklist:
  - CCC
conservative:
  max_single_weight: 0.5829075774708309
  max_hhi: 0.41400848489310477
  max_portfolio_volatility: 0.017522551298737473
  max_weighted_spread_bps: 223.04741153088221
  min_weighted_adv: 25052.600749244993
  volatility_warn: 0.01639498762958924
  volatility_restrict: 0.017522551298737473
  spread_warn: 209.03965144184002
  spread_restrict: 223.04741153088221
  adv_warn: 37691.98142395674
  adv_restrict: 25052.600749244993
  hhi_warn: 0.37249175241304894
  hhi_restrict: 0.41400848489310477
  top_weight_warn: 0.5262078120332717
  top_weight_restrict: 0.5829075774708309
  effective_n_warn: 2.80064291122168
  effective_n_restrict: 2.564743127705987
  blocklist:
  - CCC
